Board: (((0 0 0) (0 0 1) (0 1 1) (0 0 1)) ((0 0 0) (0 1 0) (0 0 1) (0 1 1)))
Objetivo:3
Algoritmo: BFS
Resultado da procura: ((((0 0 0) (0 1 1) (0 1 1) (0 0 1))
                        ((0 0 0) (0 1 0) (0 1 1) (0 1 1)))
                       2
                       ((((0 0 0) (0 1 1) (0 1 1) (0 0 1))
                         ((0 0 0) (0 1 0) (0 0 1) (0 1 1)))
                        1
                        ((((0 0 0) (0 0 1) (0 1 1) (0 0 1))
                          ((0 0 0) (0 1 0) (0 0 1) (0 1 1)))
                         0 NIL)))
Total de nós gerados: 91
Tabuleiro solução: (((0 0 0) (0 1 1) (0 1 1) (0 0 1))
                    ((0 0 0) (0 1 0) (0 1 1) (0 1 1)))
Board: (((0 0 0) (0 0 1) (0 1 1) (0 0 1)) ((0 0 0) (0 1 0) (0 0 1) (0 1 1)))
Objetivo:4
Algoritmo: A*
Heuristica: h(x) = o(x) - c(x)
Resultado da procura: ((((1 1 1) (1 1 1) (1 1 1) (0 0 1))
                        ((0 1 0) (0 1 0) (0 1 1) (0 1 1)))
                       8 0
                       ((((1 1 1) (1 1 1) (1 1 1) (0 0 1))
                         ((0 0 0) (0 1 0) (0 1 1) (0 1 1)))
                        7 1
                        ((((1 1 1) (1 1 1) (0 1 1) (0 0 1))
                          ((0 0 0) (0 1 0) (0 1 1) (0 1 1)))
                         6 1
                         ((((1 1 1) (0 1 1) (0 1 1) (0 0 1))
                           ((0 0 0) (0 1 0) (0 1 1) (0 1 1)))
                          5 1
                          ((((1 1 0) (0 1 1) (0 1 1) (0 0 1))
                            ((0 0 0) (0 1 0) (0 1 1) (0 1 1)))
                           4 1
                           ((((1 0 0) (0 1 1) (0 1 1) (0 0 1))
                             ((0 0 0) (0 1 0) (0 1 1) (0 1 1)))
                            3 1
                            ((((0 0 0) (0 1 1) (0 1 1) (0 0 1))
                              ((0 0 0) (0 1 0) (0 1 1) (0 1 1)))
                             2 1
                             ((((0 0 0) (0 0 1) (0 1 1) (0 0 1))
                               ((0 0 0) (0 1 0) (0 1 1) (0 1 1)))
                              1 2
                              ((((0 0 0) (0 0 1) (0 1 1) (0 0 1))
                                ((0 0 0) (0 1 0) (0 0 1) (0 1 1)))
                               0 3 NIL)))))))))
Total de nós gerados: 100
Total de Nós expandidos: 7
Fator de Ramificação Médio: 91/8
Penetrância: 2/25
Tabuleiro solução: (((1 1 1) (1 1 1) (1 1 1) (0 0 1))
                    ((0 1 0) (0 1 0) (0 1 1) (0 1 1)))
Board: (((0 0 0) (0 0 1) (0 1 1) (0 0 1)) ((0 0 0) (0 1 0) (0 0 1) (0 1 1)))
Objetivo:4
Algoritmo: A*
Heuristica: h(x) = nº de zeros na board
Resultado da procura: ((((1 1 1) (1 1 1) (1 1 1) (1 1 1))
                        ((1 1 0) (0 1 0) (0 1 1) (0 1 1)))
                       11 5
                       ((((1 1 1) (1 1 1) (1 1 1) (1 1 1))
                         ((1 1 0) (0 1 0) (0 0 1) (0 1 1)))
                        10 6
                        ((((1 1 1) (1 1 1) (1 1 1) (1 1 1))
                          ((1 0 0) (0 1 0) (0 0 1) (0 1 1)))
                         9 7
                         ((((1 1 1) (1 1 1) (1 1 1) (1 1 1))
                           ((0 0 0) (0 1 0) (0 0 1) (0 1 1)))
                          8 8
                          ((((1 1 1) (1 1 1) (1 1 1) (1 0 1))
                            ((0 0 0) (0 1 0) (0 0 1) (0 1 1)))
                           7 9
                           ((((1 1 1) (1 1 1) (1 1 1) (0 0 1))
                             ((0 0 0) (0 1 0) (0 0 1) (0 1 1)))
                            6 10
                            ((((1 1 1) (1 1 1) (0 1 1) (0 0 1))
                              ((0 0 0) (0 1 0) (0 0 1) (0 1 1)))
                             5 11
                             ((((1 1 1) (1 0 1) (0 1 1) (0 0 1))
                               ((0 0 0) (0 1 0) (0 0 1) (0 1 1)))
                              4 12
                              ((((1 1 1) (0 0 1) (0 1 1) (0 0 1))
                                ((0 0 0) (0 1 0) (0 0 1) (0 1 1)))
                               3 13
                               ((((1 1 0) (0 0 1) (0 1 1) (0 0 1))
                                 ((0 0 0) (0 1 0) (0 0 1) (0 1 1)))
                                2 14
                                ((((1 0 0) (0 0 1) (0 1 1) (0 0 1))
                                  ((0 0 0) (0 1 0) (0 0 1) (0 1 1)))
                                 1 15
                                 ((((0 0 0) (0 0 1) (0 1 1) (0 0 1))
                                   ((0 0 0) (0 1 0) (0 0 1) (0 1 1)))
                                  0 16 NIL))))))))))))
Total de nós gerados: 121
Total de Nós expandidos: 10
Fator de Ramificação Médio: 115/11
Penetrância: 1/11
Tabuleiro solução: (((1 1 1) (1 1 1) (1 1 1) (1 1 1))
                    ((1 1 0) (0 1 0) (0 1 1) (0 1 1)))
Board: (((0 0 0) (0 0 1) (0 1 1) (0 0 1)) ((0 0 0) (0 1 0) (0 0 1) (0 1 1)))
Objetivo:3
Algoritmo: DFS
Profundidade: 1
Resultado da procura: NIL
Total de nós gerados: 16
Tabuleiro solução: NIL
Board: (((0 0 0) (0 0 1) (0 1 1) (0 0 1)) ((0 0 0) (0 1 0) (0 0 1) (0 1 1)))
Objetivo:4
Algoritmo: A*
Heuristica: h(x) = o(x) - c(x)
Resultado da procura: ((((1 1 1) (1 1 1) (1 1 1) (0 0 1))
                        ((0 1 0) (0 1 0) (0 1 1) (0 1 1)))
                       8 0
                       ((((1 1 1) (1 1 1) (1 1 1) (0 0 1))
                         ((0 0 0) (0 1 0) (0 1 1) (0 1 1)))
                        7 1
                        ((((1 1 1) (1 1 1) (0 1 1) (0 0 1))
                          ((0 0 0) (0 1 0) (0 1 1) (0 1 1)))
                         6 1
                         ((((1 1 1) (0 1 1) (0 1 1) (0 0 1))
                           ((0 0 0) (0 1 0) (0 1 1) (0 1 1)))
                          5 1
                          ((((1 1 0) (0 1 1) (0 1 1) (0 0 1))
                            ((0 0 0) (0 1 0) (0 1 1) (0 1 1)))
                           4 1
                           ((((1 0 0) (0 1 1) (0 1 1) (0 0 1))
                             ((0 0 0) (0 1 0) (0 1 1) (0 1 1)))
                            3 1
                            ((((0 0 0) (0 1 1) (0 1 1) (0 0 1))
                              ((0 0 0) (0 1 0) (0 1 1) (0 1 1)))
                             2 1
                             ((((0 0 0) (0 0 1) (0 1 1) (0 0 1))
                               ((0 0 0) (0 1 0) (0 1 1) (0 1 1)))
                              1 2
                              ((((0 0 0) (0 0 1) (0 1 1) (0 0 1))
                                ((0 0 0) (0 1 0) (0 0 1) (0 1 1)))
                               0 3 NIL)))))))))
Total de nós gerados: 100
Total de Nós expandidos: 7
Fator de Ramificação Médio: 25/2
Penetrância: 2/25
Tabuleiro solução: (((1 1 1) (1 1 1) (1 1 1) (0 0 1))
                    ((0 1 0) (0 1 0) (0 1 1) (0 1 1)))
Board: (((0 0 0) (0 0 1) (0 1 1) (0 0 1)) ((0 0 0) (0 1 0) (0 0 1) (0 1 1)))
Objetivo:3
Algoritmo: A*
Heuristica: h(x) = o(x) - c(x)
Resultado da procura: ((((0 0 0) (0 1 1) (0 1 1) (0 0 1))
                        ((0 0 0) (0 1 0) (0 1 1) (0 1 1)))
                       2 0
                       ((((0 0 0) (0 0 1) (0 1 1) (0 0 1))
                         ((0 0 0) (0 1 0) (0 1 1) (0 1 1)))
                        1 1
                        ((((0 0 0) (0 0 1) (0 1 1) (0 0 1))
                          ((0 0 0) (0 1 0) (0 0 1) (0 1 1)))
                         0 2 NIL)))
Total de nós gerados: 31
Total de Nós expandidos: 2
Fator de Ramificação Médio: 31/2
Penetrância: 2/31
Tabuleiro solução: (((0 0 0) (0 1 1) (0 1 1) (0 0 1))
                    ((0 0 0) (0 1 0) (0 1 1) (0 1 1)))
Board: (((0 0 0) (0 0 1) (0 1 1) (0 0 1)) ((0 0 0) (0 1 0) (0 0 1) (0 1 1)))
Objetivo:4
Algoritmo: DFS
Profundidade: 5
Resultado da procura: ((((1 0 0) (0 1 1) (0 1 1) (0 1 1))
                        ((0 0 0) (0 1 1) (0 1 1) (0 1 1)))
                       5
                       ((((1 0 0) (0 1 1) (0 1 1) (0 1 1))
                         ((0 0 0) (0 1 1) (0 0 1) (0 1 1)))
                        4
                        ((((1 0 0) (0 1 1) (0 1 1) (0 1 1))
                          ((0 0 0) (0 1 0) (0 0 1) (0 1 1)))
                         3
                         ((((1 0 0) (0 1 1) (0 1 1) (0 0 1))
                           ((0 0 0) (0 1 0) (0 0 1) (0 1 1)))
                          2
                          ((((1 0 0) (0 0 1) (0 1 1) (0 0 1))
                            ((0 0 0) (0 1 0) (0 0 1) (0 1 1)))
                           1
                           ((((0 0 0) (0 0 1) (0 1 1) (0 0 1))
                             ((0 0 0) (0 1 0) (0 0 1) (0 1 1)))
                            0 NIL))))))
Total de nós gerados: 3741
Total de nós expandidos: 306
Ramificação: 3729/307
Tabuleiro solução: (((1 0 0) (0 1 1) (0 1 1) (0 1 1))
                    ((0 0 0) (0 1 1) (0 1 1) (0 1 1)))
Board: (((0 0 0) (0 0 1) (0 1 1) (0 0 1)) ((0 0 0) (0 1 0) (0 0 1) (0 1 1)))
Objetivo:4
Algoritmo: A*
Heuristica: h(x) = nº de zeros na board
Resultado da procura: ((((1 1 1) (1 1 1) (1 1 1) (1 1 1))
                        ((1 1 0) (0 1 0) (0 1 1) (0 1 1)))
                       11 5
                       ((((1 1 1) (1 1 1) (1 1 1) (1 1 1))
                         ((1 1 0) (0 1 0) (0 0 1) (0 1 1)))
                        10 6
                        ((((1 1 1) (1 1 1) (1 1 1) (1 1 1))
                          ((1 0 0) (0 1 0) (0 0 1) (0 1 1)))
                         9 7
                         ((((1 1 1) (1 1 1) (1 1 1) (1 1 1))
                           ((0 0 0) (0 1 0) (0 0 1) (0 1 1)))
                          8 8
                          ((((1 1 1) (1 1 1) (1 1 1) (1 0 1))
                            ((0 0 0) (0 1 0) (0 0 1) (0 1 1)))
                           7 9
                           ((((1 1 1) (1 1 1) (1 1 1) (0 0 1))
                             ((0 0 0) (0 1 0) (0 0 1) (0 1 1)))
                            6 10
                            ((((1 1 1) (1 1 1) (0 1 1) (0 0 1))
                              ((0 0 0) (0 1 0) (0 0 1) (0 1 1)))
                             5 11
                             ((((1 1 1) (1 0 1) (0 1 1) (0 0 1))
                               ((0 0 0) (0 1 0) (0 0 1) (0 1 1)))
                              4 12
                              ((((1 1 1) (0 0 1) (0 1 1) (0 0 1))
                                ((0 0 0) (0 1 0) (0 0 1) (0 1 1)))
                               3 13
                               ((((1 1 0) (0 0 1) (0 1 1) (0 0 1))
                                 ((0 0 0) (0 1 0) (0 0 1) (0 1 1)))
                                2 14
                                ((((1 0 0) (0 0 1) (0 1 1) (0 0 1))
                                  ((0 0 0) (0 1 0) (0 0 1) (0 1 1)))
                                 1 15
                                 ((((0 0 0) (0 0 1) (0 1 1) (0 0 1))
                                   ((0 0 0) (0 1 0) (0 0 1) (0 1 1)))
                                  0 16 NIL))))))))))))
Total de nós gerados: 121
Total de Nós expandidos: 11
Fator de Ramificação Médio: 11
Penetrância: 1/11
Tabuleiro solução: (((1 1 1) (1 1 1) (1 1 1) (1 1 1))
                    ((1 1 0) (0 1 0) (0 1 1) (0 1 1)))
Board: (((0 0 0) (0 0 1) (0 1 1) (0 0 1)) ((0 0 0) (0 1 0) (0 0 1) (0 1 1)))
Objetivo:4
Algoritmo: A*
Heuristica: h(x) = o(x) - c(x)
Resultado da procura: ((((1 1 1) (1 1 1) (1 1 1) (0 0 1))
                        ((0 1 0) (0 1 0) (0 1 1) (0 1 1)))
                       8 0
                       ((((1 1 1) (1 1 1) (1 1 1) (0 0 1))
                         ((0 0 0) (0 1 0) (0 1 1) (0 1 1)))
                        7 1
                        ((((1 1 1) (1 1 1) (0 1 1) (0 0 1))
                          ((0 0 0) (0 1 0) (0 1 1) (0 1 1)))
                         6 1
                         ((((1 1 1) (0 1 1) (0 1 1) (0 0 1))
                           ((0 0 0) (0 1 0) (0 1 1) (0 1 1)))
                          5 1
                          ((((1 1 0) (0 1 1) (0 1 1) (0 0 1))
                            ((0 0 0) (0 1 0) (0 1 1) (0 1 1)))
                           4 1
                           ((((1 0 0) (0 1 1) (0 1 1) (0 0 1))
                             ((0 0 0) (0 1 0) (0 1 1) (0 1 1)))
                            3 1
                            ((((0 0 0) (0 1 1) (0 1 1) (0 0 1))
                              ((0 0 0) (0 1 0) (0 1 1) (0 1 1)))
                             2 1
                             ((((0 0 0) (0 0 1) (0 1 1) (0 0 1))
                               ((0 0 0) (0 1 0) (0 1 1) (0 1 1)))
                              1 2
                              ((((0 0 0) (0 0 1) (0 1 1) (0 0 1))
                                ((0 0 0) (0 1 0) (0 0 1) (0 1 1)))
                               0 3 NIL)))))))))
Total de nós gerados: 100
Total de Nós expandidos: 8
Fator de Ramificação Médio: 25/2
Penetrância: 2/25
Tabuleiro solução: (((1 1 1) (1 1 1) (1 1 1) (0 0 1))
                    ((0 1 0) (0 1 0) (0 1 1) (0 1 1)))
